file	coverage	spikiness	spikyness
blm-1-single-c10-w11_.trimmed.mdup.bam	0.00457680867792028	0.275052557813595	0.241162864116636
blm-1-single-c10-w15_.trimmed.mdup.bam	0.0102885007652501	0.191639085189492	0.21936524400114
blm-1-single-c10-w19_.trimmed.mdup.bam	0.0117498134202353	0.192692356064459	0.218528676158049
blm-1-single-c10-w30_.trimmed.mdup.bam	0.00748721459010822	0.22061893548441	0.226212461998755
blm-1-single-c10-w31_.trimmed.mdup.bam	0.0160785220515563	0.217775775155594	0.23702403180217
blm-1-single-c10-w33_.trimmed.mdup.bam	0.00992597318372869	0.21643259853718	0.178161454386996
blm-1-single-c10-w34_.trimmed.mdup.bam	0.0125446127624224	0.19372965258886	0.228718039139088
blm-1-single-c10-w37_.trimmed.mdup.bam	0.00628653773617417	0.238835117123437	0.237681106539798
blm-1-single-c10-w38_.trimmed.mdup.bam	0.00652145798183696	0.227523465703971	0.235444119274474
blm-1-single-c10-w41_.trimmed.mdup.bam	0.0138615978058701	0.177373773815046	0.216637438973887
blm-1-single-c5-w11-3d6_S111_.trimmed.mdup.bam	0.00809822819279383	0.257713814690222	0.250266719674578
blm-1-single-c5-w16-3d6_S116_.trimmed.mdup.bam	0.0072522619640289	0.258240629543012	0.253143056063452
blm-1-single-c5-w18-3d6_S118_.trimmed.mdup.bam	0.00697511344576879	0.276099836556797	0.255885695329219
blm-1-single-c5-w19-3d6_S119_.trimmed.mdup.bam	0.00882748212444692	0.250822562507809	0.250146106367396
blm-1-single-c5-w21-3d6_S121_.trimmed.mdup.bam	0.00885385403087814	0.246952217580892	0.25089326760844
blm-1-single-c5-w22-3d6_S122_.trimmed.mdup.bam	0.0087282869850645	0.269231031310688	0.25578438916728
blm-1-single-c5-w24-3d6_S124_.trimmed.mdup.bam	0.00397635368145378	0.305615069379538	0.255075435475122
blm-1-single-c5-w26-3d6_S126_.trimmed.mdup.bam	0.00586810827976702	0.296558232035229	0.25674532725903
blm-1-single-c5-w30-3d6_S130_.trimmed.mdup.bam	0.00608561336601242	0.336990851404929	0.252729817141614
blm-1-single-c5-w31-3d6_S131_.trimmed.mdup.bam	0.00857420606826679	0.261429224225808	0.249488429578897
blm-1-single-c5-w34-3d6_S134_.trimmed.mdup.bam	0.00886957407549068	0.256531083026085	0.254844326019853
blm-1-single-c5-w36-3d6_S136_.trimmed.mdup.bam	0.0154580400912758	0.211362721454934	0.247232482018125
blm-1-single-c5-w41-3d6_S141_.trimmed.mdup.bam	0.00345890232089261	0.319269226420276	0.256039000293099
blm-1-single-c5-w42-3d6_S142_.trimmed.mdup.bam	0.0114868870285195	0.22845331403792	0.251216962769574
blm-1-single-c5-w43-3d6_S143_.trimmed.mdup.bam	0.00833458969079597	0.25577914632723	0.249558919883076
blm-1-single-c5-w45-3d6_S145_.trimmed.mdup.bam	0.00932171866918764	0.24698475123816	0.252010509907242
blm-1-single-c5-w47-3d6_S147_.trimmed.mdup.bam	0.00355312059025577	0.318349323336934	0.256287479959273
blm-1-single-c5-w5-3d6_S105_.trimmed.mdup.bam	0.00530151057061887	0.290441740655486	0.253804099441674
blm-1-single-c5-w6-3d6_S106_.trimmed.mdup.bam	0.00601785863965924	0.288199563602052	0.254448327883399
blm-1-single-c5-w7-3d6_S107_.trimmed.mdup.bam	0.0236332546671729	0.189360891975948	0.239439164370259
blm-1-single-c9-w15_.trimmed.mdup.bam	0.007970077513546	0.225534540915434	0.23014642123887
blm-1-single-c9-w19-3d6_S315_.trimmed.mdup.bam	0.00661473171445021	0.27690491582113	0.252915347426209
blm-1-single-c9-w24-3d6_S320_.trimmed.mdup.bam	0.00583687283477437	0.275534952261075	0.251153732665286
blm-1-single-c9-w31_.trimmed.mdup.bam	0.00523568798371949	0.246370504279513	0.236908363820952
blm-1-single-c9-w33_.trimmed.mdup.bam	0.00747254399479513	0.219533068087981	0.232262401189992
blm-1-single-c9-w35-3d6_S331_.trimmed.mdup.bam	0.00529611534561817	0.291101293783528	0.253867782102437
blm-1-single-c9-w40_.trimmed.mdup.bam	0.0107501635823834	0.194276465751429	0.228971577832013
blm-1-single-c9-w42_.trimmed.mdup.bam	0.00971766186914605	0.183492440452397	0.211860056125044
blm-1-single-c9-w43-3d6_S339_.trimmed.mdup.bam	0.00408666631304446	0.275290304434593	0.241923886990565
blm-1-single-c9-w44_.trimmed.mdup.bam	0.00541530765883135	0.238114791963947	0.237760922596862
blm-1-single-c9-w46-3d6_S342_.trimmed.mdup.bam	0.00424854572935705	0.300048889417423	0.256528643264847
blm-1-single-c9-w6-3d6_S302_.trimmed.mdup.bam	0.00563030520562137	0.312637046814127	0.258120235290323
blm-1-single-f5-r1-c1_S1_.trimmed.mdup.bam	0.0569450174514433	0.113412418822648	0.19400196854966
blm-1-single-f5-r1-c2_S2_.trimmed.mdup.bam	0.0478878428995809	0.115774607363453	0.193602817238822
blm-1-single-f5-r1-c3_S3_.trimmed.mdup.bam	0.0288642740424385	0.133099662056056	0.200902921332764
blm-1-single-f5-r2-c1_S8_.trimmed.mdup.bam	0.0307766164333798	0.228014922424526	0.219809350327026
blm-1-single-f5-r3-c1_S15_.trimmed.mdup.bam	0.0165468762817636	0.260143332372158	0.233516824568735
blm-1-single-f5-r4-c6_S27_.trimmed.mdup.bam	0.00695344317581639	0.247140064888033	0.244209657080478
blm-1-single-f5-r4-c7_S28_.trimmed.mdup.bam	0.00564808885417878	0.253676887166587	0.236706300961117
blm-1-single-f5-r5-c2_S30_.trimmed.mdup.bam	0.00361464305784119	0.28878434201036	0.243417991136934
blm-1-single-f5-r5-c3_S31_.trimmed.mdup.bam	0.00513415756869759	0.260542307338183	0.245245463505495
blm-1-single-f5-r6-c1_S36_.trimmed.mdup.bam	0.00948745977397451	0.228899677574769	0.245217994179813
blm-1-single-f5-r6-c4_S39_.trimmed.mdup.bam	0.00659173384742045	0.29157124774135	0.252775882329503
blm-1-single-f5-r6-c5_S40_.trimmed.mdup.bam	0.0116845400052001	0.207285970106058	0.235098236449217
blm-1-single-f6-r1-c1_S50_.trimmed.mdup.bam	0.0271171404222364	0.128991328671329	0.194871672236002
blm-1-single-f6-r2-c1_S57_.trimmed.mdup.bam	0.0129079181215486	0.235910679021723	0.240938267579849
blm-1-single-f6-r6-c4_S88_.trimmed.mdup.bam	0.0126866575545951	0.163964074695135	0.216224445770251
blm-1-single-f7-r1-c1_S99_.trimmed.mdup.bam	0.0249412528498195	0.130896798742016	0.197466713884358
blm-1-single-f7-r2-c6_S111_.trimmed.mdup.bam	0.0076249751293711	0.208002263456959	0.225684488222103
blm-1-single-f7-r4-c3_S122_.trimmed.mdup.bam	0.0200483261461604	0.134975255404741	0.197230013902141
blm-1-single-f7-r4-c4_S123_.trimmed.mdup.bam	0.00679677862558447	0.245884286470375	0.237450440226316
blm-1-single-f7-r5-c2_S128_.trimmed.mdup.bam	0.0134308569912976	0.156459457293385	0.200353595455661
blm-1-single-f7-r5-c5_S131_.trimmed.mdup.bam	0.0175209957802097	0.180600243160278	0.211410995032548
blm-1-single-f7-r5-c7_S133_.trimmed.mdup.bam	0.0175173617260636	0.291516563001323	0.250128056104988
blm-1-single-f7-r6-c2_S135_.trimmed.mdup.bam	0.0104621533772055	0.185334387666789	0.206950302075435
blm-1-single-f7-r6-c3_S136_.trimmed.mdup.bam	0.0328736424727727	0.125016362631072	0.187829314984614
blm-1-single-f7-r6-c4_S137_.trimmed.mdup.bam	0.0166233756634024	0.145975513740429	0.203253045242582
blm-1-single-f7-r7-c1_S141_.trimmed.mdup.bam	0.0148105340829754	0.240685655243115	0.236520986308017
blm-recq5-1-single-c11-w11-3d6_S405_.trimmed.mdup.bam	0.0118803188033725	0.182308974146584	0.224367785608576
blm-recq5-1-single-c11-w1-3d6_S395_.trimmed.mdup.bam	0.00246114576599465	0.323259907917306	0.250769593179294
blm-recq5-1-single-c11-w18-3d6_S412_.trimmed.mdup.bam	0.0126113620768426	0.211954088005845	0.223997895517411
blm-recq5-1-single-c11-w22-3d6_S416_.trimmed.mdup.bam	0.00254973858559564	0.352262076217909	0.250930331819768
blm-recq5-1-single-c11-w33-3d6_S427_.trimmed.mdup.bam	0.00352652817318804	0.281002905994458	0.241246624911997
blm_recq5-1-single-c14-w19_.trimmed.mdup.bam	0.00696064004719231	0.21351832677573	0.226974239270894
blm_recq5-1-single-c14-w38_.trimmed.mdup.bam	0.00418443898072911	0.268838147334687	0.240048038149737
blm_recq5-1-single-c14-w9_.trimmed.mdup.bam	0.0044270048903408	0.260143705258125	0.239083714587554
blm-recq5-1-single-c3-w11-3d6_S56_.trimmed.mdup.bam	0.00153272248275525	0.377852888026237	0.250890279054423
blm-recq5-1-single-c3-w19-3d6_S60_.trimmed.mdup.bam	0.00411901013969462	0.265062346318509	0.237956240830056
blm-recq5-1-single-c7-w14-3d6_S212_.trimmed.mdup.bam	0.010075145553186	0.199979166552448	0.23039721956087
blm-recq5-1-single-c7-w28-3d6_S226_.trimmed.mdup.bam	0.00280404239619614	0.318404896168133	0.251892099850366
blm-recq5-1-single-c7-w34-3d6_S232_.trimmed.mdup.bam	0.00439753288283187	0.258793969849246	0.234234503925147
blm-recq5-1-single-f13-r1-c1_S393_.trimmed.mdup.bam	0.0381184575244969	0.221286911374525	0.22187603132849
blm-recq5-1-single-f13-r1-c2_S394_.trimmed.mdup.bam	0.0376170250797928	0.119693695216478	0.186694088936602
blm-recq5-1-single-f13-r3-c1_S407_.trimmed.mdup.bam	0.0133448018249393	0.335785679043784	0.263466966597222
blm-recq5-1-single-f13-r7-c1_S435_.trimmed.mdup.bam	0.0394962034481335	0.138778291444106	0.195168829777774
blm-recq5-1-single-f13-r7-c4_S438_.trimmed.mdup.bam	0.0276071555320753	0.198284041257935	0.246205775783213
blm-recq5-1-single-f14-r1-c1_S442_.trimmed.mdup.bam	0.0276068009665144	0.12814673490607	0.193226843593555
blm-recq5-1-single-f14-r1-c2_S443_.trimmed.mdup.bam	0.0226493397689251	0.293050221934068	0.250924273181984
blm-recq5-1-single-f14-r1-c4_S445_.trimmed.mdup.bam	0.02734465753327	0.132200827089758	0.199674501513848
blm-recq5-1-single-f14-r1-c7_S448_.trimmed.mdup.bam	0.0246664681019654	0.224465504135316	0.224807981257571
blm-recq5-1-single-f14-r2-c4_S452_.trimmed.mdup.bam	0.0165668919124318	0.336314770443783	0.262488184339161
blm-recq5-1-single-f14-r2-c6_S454_.trimmed.mdup.bam	0.0283947139655199	0.136820482145809	0.205333698638732
blm-recq5-1-single-f14-r3-c4_S459_.trimmed.mdup.bam	0.0112690121579174	0.162817551963049	0.205430711774235
blm-recq5-1-single-f14-r3-c6_S461_.trimmed.mdup.bam	0.0262927149417578	0.148487687226554	0.201182624335058
blm-recq5-1-single-f14-r3-c7_S462_.trimmed.mdup.bam	0.0146696242244017	0.279524749606071	0.229412488044015
blm-recq5-1-single-f14-r4-c4_S466_.trimmed.mdup.bam	0.0325007353487356	0.125742912562384	0.193635659282609
blm-recq5-1-single-f14-r4-c5_S467_.trimmed.mdup.bam	0.0222150694889518	0.286147919991462	0.255193393469502
blm-recq5-1-single-f14-r4-c6_S468_.trimmed.mdup.bam	0.0192290096478005	0.19584827675164	0.215839829248496
blm-recq5-1-single-f14-r4-c7_S469_.trimmed.mdup.bam	0.0123939531604342	0.160542497167421	0.205209624100878
blm-recq5-1-single-f14-r5-c3_S472_.trimmed.mdup.bam	0.030537111768346	0.274072595910862	0.242908057398908
blm-recq5-1-single-f14-r5-c6_S475_.trimmed.mdup.bam	0.00820720416079053	0.212834204299579	0.218117138109289
blm-recq5-1-single-f14-r6-c1_S477_.trimmed.mdup.bam	0.0252782653107308	0.134657822302783	0.198796929058396
blm-recq5-1-single-f14-r6-c3_S479_.trimmed.mdup.bam	0.0301498225585069	0.235041894864953	0.2197394993222
blm-recq5-1-single-f14-r6-c4_S480_.trimmed.mdup.bam	0.0104820459622909	0.24271388670987	0.227181215385314
blm-recq5-1-single-f14-r6-c5_S481_.trimmed.mdup.bam	0.0212225430189303	0.220793162219226	0.215794352930987
blm-recq5-1-single-f14-r6-c6_S482_.trimmed.mdup.bam	0.00652325218071638	0.289161104608863	0.233357315742993
blm-recq5-1-single-f14-r6-c7_S483_.trimmed.mdup.bam	0.0266957928426924	0.133164362359638	0.20023546438009
blm-recq5-1-single-f14-r7-c1_S484_.trimmed.mdup.bam	0.0322628940656984	0.202739559552434	0.220000825151505
blm-recq5-1-single-f14-r7-c2_S485_.trimmed.mdup.bam	0.0233679256485513	0.280577871907427	0.24479178507311
blm-recq5-1-single-f14-r7-c3_S486_.trimmed.mdup.bam	0.0163883171533611	0.154157431715446	0.206295000468229
blm-recq5-1-single-f14-r7-c4_S487_.trimmed.mdup.bam	0.0357524891358028	0.122252654118634	0.191180788475932
blm-recq5-1-single-f14-r7-c6_S489_.trimmed.mdup.bam	0.0293676875210254	0.176827214550354	0.215004607126131
blm-recq5-1-single-f15-r1-c1_S491_.trimmed.mdup.bam	0.0198078141263687	0.136649509299293	0.195480963177551
blm-recq5-1-single-f15-r1-c3_S493_.trimmed.mdup.bam	0.0137252927663298	0.153194339519778	0.201674312244801
blm-recq5-1-single-f15-r1-c5_S495_.trimmed.mdup.bam	0.0140767585499594	0.293629907625651	0.246647557889807
blm-recq5-1-single-f15-r1-c6_S496_.trimmed.mdup.bam	0.0191290694350339	0.141131481273198	0.201241500615747
blm-recq5-1-single-f15-r2-c2_S499_.trimmed.mdup.bam	0.00706338634685456	0.199258951299388	0.214493934364526
blm-recq5-1-single-f15-r3-c2_S506_.trimmed.mdup.bam	0.0105630015368513	0.242547828848138	0.222764075036278
blm-recq5-1-single-f15-r3-c6_S510_.trimmed.mdup.bam	0.0193262791238124	0.142937650211332	0.209296675645392
blm-recq5-1-single-f15-r4-c1_S512_.trimmed.mdup.bam	0.0113864462145135	0.204406884487748	0.21164839537185
blm-recq5-1-single-f15-r4-c5_S516_.trimmed.mdup.bam	0.0182060361959286	0.232079486907415	0.22363551974765
blm-recq5-1-single-f15-r4-c6_S517_.trimmed.mdup.bam	0.0135800798742046	0.28291209837582	0.237915577717058
blm-recq5-1-single-f15-r5-c2_S520_.trimmed.mdup.bam	0.00813452858253868	0.18943790783486	0.209447013685151
blm-recq5-1-single-f15-r5-c4_S522_.trimmed.mdup.bam	0.0249187439270792	0.184389866427485	0.210895349938862
blm-recq5-1-single-f15-r5-c5_S523_.trimmed.mdup.bam	0.0150056303019676	0.232565714933152	0.224105416786089
blm-recq5-1-single-f15-r6-c1_S526_.trimmed.mdup.bam	0.0175871049337953	0.164733987564157	0.203285541080915
blm-recq5-1-single-f15-r6-c2_S527_.trimmed.mdup.bam	0.019035163312886	0.247463627091389	0.227299315940228
blm-recq5-1-single-f15-r6-c3_S528_.trimmed.mdup.bam	0.0239935671044002	0.140496017296828	0.200739212328266
blm-recq5-1-single-f15-r6-c4_S529_.trimmed.mdup.bam	0.00751729632086024	0.194957164708384	0.21313376062321
blm-recq5-1-single-f15-r7-c1_S533_.trimmed.mdup.bam	0.0240471748267754	0.136925038830839	0.193205587579992
blm-recq5-1-single-f15-r7-c5_S537_.trimmed.mdup.bam	0.0136170230152174	0.226668814863426	0.219880702783071
blm-recq5-1-single-f15-r7-c6_S538_.trimmed.mdup.bam	0.0201750783152187	0.15878032411678	0.209449835949041
blm-recq5-2-single-c12-w24-3d6_S467_.trimmed.mdup.bam	0.00420569996221668	0.278576111183952	0.243324299292939
blm-recq5-2-single-c12-w39-3d6_S482_.trimmed.mdup.bam	0.00684103650268931	0.210257731128962	0.219792611604797
blm_recq5-2-single-c15-w15_.trimmed.mdup.bam	0.00754063062041764	0.237582527049797	0.229463521824131
blm_recq5-2-single-c15-w17_.trimmed.mdup.bam	0.00293785479127264	0.327818510759855	0.241753884933756
blm_recq5-2-single-c15-w21_.trimmed.mdup.bam	0.0115021893657589	0.208621876360776	0.227982662058918
blm_recq5-2-single-c15-w24_.trimmed.mdup.bam	0.0109751731539616	0.266784911205278	0.229735368828089
blm_recq5-2-single-c15-w27_.trimmed.mdup.bam	0.0103914546233823	0.277231064237776	0.235984002447816
blm_recq5-2-single-c15-w28_.trimmed.mdup.bam	0.0323521458267756	0.14824430468995	0.210537747362645
blm_recq5-2-single-c15-w32_.trimmed.mdup.bam	0.00936621486615807	0.223997923852259	0.230883842313242
blm_recq5-2-single-c15-w41_.trimmed.mdup.bam	0.00394140387888202	0.280668413032684	0.238252012855462
blm_recq5-2-single-c15-w42_.trimmed.mdup.bam	0.0107201349555144	0.254885288828358	0.234624744524635
blm_recq5-2-single-c15-w8_.trimmed.mdup.bam	0.0434093230331846	0.132249548266526	0.199455377841977
blm_recq5-2-single-c16-w12_.trimmed.mdup.bam	0.0103703578106064	0.214998350923483	0.229387941273109
blm_recq5-2-single-c16-w15_.trimmed.mdup.bam	0.0242841483146498	0.192959288737804	0.209309049473981
blm_recq5-2-single-c16-w16_.trimmed.mdup.bam	0.00859078063207131	0.227887522859367	0.230665662608082
blm_recq5-2-single-c16-w18_.trimmed.mdup.bam	0.01148122757932	0.209742905460851	0.225160882486416
blm_recq5-2-single-c16-w19_.trimmed.mdup.bam	0.00641482603219221	0.253900130333469	0.232065011871212
blm_recq5-2-single-c16-w21_.trimmed.mdup.bam	0.0141283674292228	0.191283511403039	0.218254165324415
blm_recq5-2-single-c16-w22_.trimmed.mdup.bam	0.0136804860411649	0.200882989195466	0.231297617779687
blm_recq5-2-single-c16-w26_.trimmed.mdup.bam	0.0243867913207833	0.162686990310692	0.213866972377539
blm_recq5-2-single-c16-w28_.trimmed.mdup.bam	0.0060152261117961	0.243360410340054	0.235080783127676
blm_recq5-2-single-c16-w29_.trimmed.mdup.bam	0.0250931924496727	0.145095954371833	0.20044247071182
blm_recq5-2-single-c16-w32_.trimmed.mdup.bam	0.00868459382242379	0.225944815902824	0.22720098315567
blm_recq5-2-single-c16-w33_.trimmed.mdup.bam	0.0130476697326234	0.188914989146918	0.218457360511386
blm_recq5-2-single-c16-w34_.trimmed.mdup.bam	0.0107565930378877	0.204669266227724	0.219291152661851
blm_recq5-2-single-c16-w35_.trimmed.mdup.bam	0.0162935995779752	0.20187493651047	0.194785349854863
blm_recq5-2-single-c16-w36_.trimmed.mdup.bam	0.0174785223878593	0.18155979990905	0.225406099283177
blm_recq5-2-single-c16-w38_.trimmed.mdup.bam	0.0104748309578817	0.206702272165967	0.224745069563541
blm_recq5-2-single-c16-w40_.trimmed.mdup.bam	0.0157597938404418	0.186702629527834	0.219193056703199
blm_recq5-2-single-c16-w42_.trimmed.mdup.bam	0.0150665352750099	0.192978746475819	0.220223406850378
blm_recq5-2-single-c16-w45_.trimmed.mdup.bam	0.00733570824022807	0.235442278217811	0.226918182171004
blm_recq5-2-single-c16-w5_.trimmed.mdup.bam	0.00489035926043311	0.272965594266745	0.238465047160495
blm_recq5-2-single-c16-w6_.trimmed.mdup.bam	0.0074718164068359	0.244684191638256	0.234893034637813
blm_recq5-2-single-c16-w7_.trimmed.mdup.bam	0.0115248197150611	0.211211814600332	0.220674483245699
blm-recq5-2-single-c4-w19-3d6_S85_.trimmed.mdup.bam	0.00303056737126758	0.296457088377003	0.247068650349872
blm-recq5-2-single-c4-w21-3d6_S86_.trimmed.mdup.bam	0.00215999137833849	0.349828422671873	0.253365334129584
blm-recq5-2-single-f12-r1-c1_S344_.trimmed.mdup.bam	0.0435182390974107	0.112602037374351	0.199453427182725
blm-recq5-2-single-f12-r1-c2_S345_.trimmed.mdup.bam	0.0110273671473516	0.189464773347897	0.203721279886497
blm-recq5-2-single-f12-r1-c3_S346_.trimmed.mdup.bam	0.0299427701945186	0.128590957971231	0.190618112445025
blm-recq5-2-single-f12-r1-c6_S349_.trimmed.mdup.bam	0.0308854712986187	0.210263952795764	0.226578386625837
blm-recq5-2-single-f12-r2-c3_S353_.trimmed.mdup.bam	0.0290041849651625	0.124352446224882	0.185160284950808
blm-recq5-2-single-f12-r2-c4_S354_.trimmed.mdup.bam	0.0309327538304308	0.121666119081517	0.189299252102209
blm-recq5-2-single-f12-r2-c7_S357_.trimmed.mdup.bam	0.023571405804989	0.127777302679477	0.188612544955598
blm-recq5-2-single-f12-r3-c1_S358_.trimmed.mdup.bam	0.00763503378195914	0.237302086863894	0.238091532569742
blm-recq5-2-single-f12-r3-c2_S359_.trimmed.mdup.bam	0.0227682795148895	0.132464094500561	0.1905316866391
blm-recq5-2-single-f12-r4-c2_S366_.trimmed.mdup.bam	0.0146593968698436	0.242958539037529	0.22982094224179
blm-recq5-2-single-f12-r4-c4_S368_.trimmed.mdup.bam	0.0514006909943972	0.107168884746471	0.181155802550298
blm-recq5-2-single-f16-r1-c2_S541_.trimmed.mdup.bam	0.0110108029452803	0.169127769919849	0.20748064331993
blm-recq5-2-single-f16-r1-c3_S542_.trimmed.mdup.bam	0.00834978808689836	0.182224190750378	0.214460413511188
blm-recq5-2-single-f16-r1-c4_S543_.trimmed.mdup.bam	0.0105873797810373	0.162020795107034	0.204007081164925
blm-recq5-2-single-f16-r1-c5_S544_.trimmed.mdup.bam	0.00857822901121534	0.236896104831161	0.22106982006288
blm-recq5-2-single-f16-r1-c6_S545_.trimmed.mdup.bam	0.0105848022998823	0.201483590955575	0.213664606145446
blm-recq5-2-single-f16-r1-c7_S546_.trimmed.mdup.bam	0.0108967791941522	0.16560202194904	0.207298301428246
blm-recq5-2-single-f16-r2-c1_S547_.trimmed.mdup.bam	0.00842542064478689	0.269482897531678	0.23216634964393
blm-recq5-2-single-f16-r2-c4_S550_.trimmed.mdup.bam	0.00652735380807708	0.201940324115234	0.218151081488475
blm-recq5-2-single-f16-r2-c6_S552_.trimmed.mdup.bam	0.0111694893287198	0.163105849582173	0.200583338007632
blm-recq5-2-single-f16-r2-c7_S553_.trimmed.mdup.bam	0.00675959554568527	0.195706927457966	0.210713930593027
blm-recq5-2-single-f16-r3-c1_S554_.trimmed.mdup.bam	0.00423709601407528	0.230473552900168	0.221823199175341
blm-recq5-2-single-f16-r3-c2_S555_.trimmed.mdup.bam	0.00577353285440964	0.283833023790572	0.241604137549278
blm-recq5-2-single-f16-r3-c5_S558_.trimmed.mdup.bam	0.0107227260364444	0.168788378014078	0.202167950575858
blm-recq5-2-single-f16-r3-c6_S559_.trimmed.mdup.bam	0.00879855119369805	0.19947873252169	0.219875032394855
blm-recq5-2-single-f16-r4-c1_S561_.trimmed.mdup.bam	0.0055352754830202	0.20812448361333	0.215042072406363
blm-recq5-2-single-f16-r4-c2_S562_.trimmed.mdup.bam	0.00501114792818077	0.218898323095139	0.220500067398991
blm-recq5-2-single-f16-r4-c3_S563_.trimmed.mdup.bam	0.00528541264654554	0.207523547200339	0.221985935802812
blm-recq5-2-single-f16-r4-c4_S564_.trimmed.mdup.bam	0.0107173777630477	0.219722999196678	0.215352073990053
blm-recq5-2-single-f16-r4-c6_S566_.trimmed.mdup.bam	0.00662454557108934	0.202834339348843	0.218984351121804
blm-recq5-2-single-f16-r5-c5_S572_.trimmed.mdup.bam	0.00743417028698045	0.193184238551651	0.199814741821516
blm-recq5-2-single-f16-r5-c7_S574_.trimmed.mdup.bam	0.0066758821310498	0.19285938805707	0.216222155433141
blm-recq5-2-single-f16-r6-c3_S577_.trimmed.mdup.bam	0.0108736851572854	0.167146905209035	0.20631743609864
blm-recq5-2-single-f16-r6-c5_S579_.trimmed.mdup.bam	0.00738897855866315	0.202279640572008	0.218073463384649
blm-recq5-2-single-f16-r7-c1_S582_.trimmed.mdup.bam	0.0103844601296096	0.166815041752252	0.20453511125453
blm-recq5-2-single-f16-r7-c4_S585_.trimmed.mdup.bam	0.0118134616621653	0.159419268757734	0.204273813480047
blm-recq5-2-single-f16-r7-c5_S586_.trimmed.mdup.bam	0.00862315586772549	0.299606854536178	0.245718583957627
blm-recq5-2-single-f8-r3-c2_S163_.trimmed.mdup.bam	0.0277061087897463	0.128052495997243	0.196301666471223
blm-recq5-2-single-f8-r6-c1_S183_.trimmed.mdup.bam	0.0410820651086369	0.119947951743118	0.196888278979935
blm-recq5-2-single-f8-r6-c2_S184_.trimmed.mdup.bam	0.0584151103801723	0.104259556671778	0.178892946038778
blm-recq5-2-single-f8-r7-c2_S191_.trimmed.mdup.bam	0.0440497056736546	0.111639480009969	0.185129185987928
fucci-wt-single-f11-r1-c2_S100_.trimmed.mdup.bam	0.0166320186441801	0.148507150513739	0.201849863551208
fucci-wt-single-f11-r1-c6_S104_.trimmed.mdup.bam	0.0235330677156325	0.134022955394943	0.194359089552443
fucci-wt-single-f11-r1-c7_S105_.trimmed.mdup.bam	0.0168525710514243	0.146979966095981	0.197210698048011
fucci-wt-single-f11-r2-c3_S108_.trimmed.mdup.bam	0.0260461170226809	0.141497801963202	0.195270846311206
fucci-wt-single-f11-r2-c6_S111_.trimmed.mdup.bam	0.0239292751397897	0.132123529818983	0.190814554954432
fucci-wt-single-f11-r2-c7_S112_.trimmed.mdup.bam	0.014080869891445	0.188780146102272	0.210265924694567
fucci-wt-single-f11-r3-c5_S117_.trimmed.mdup.bam	0.0198005547607888	0.144552823801888	0.197902790961758
fucci-wt-single-f11-r3-c7_S119_.trimmed.mdup.bam	0.0098899347515535	0.173772284111475	0.206576623616298
fucci-wt-single-f11-r4-c1_S120_.trimmed.mdup.bam	0.0106430630881116	0.174751613030915	0.208905783165615
fucci-wt-single-f11-r4-c2_S121_.trimmed.mdup.bam	0.0113081762716994	0.162440622594394	0.203717569573382
fucci-wt-single-f11-r4-c5_S124_.trimmed.mdup.bam	0.0139758666767513	0.15629314014505	0.203640519030776
fucci-wt-single-f11-r5-c3_S129_.trimmed.mdup.bam	0.0292274307754529	0.131769496636016	0.192446660302457
fucci-wt-single-f11-r5-c4_S130_.trimmed.mdup.bam	0.0257341993845732	0.132469821050795	0.193671631561919
fucci-wt-single-f11-r5-c7_S133_.trimmed.mdup.bam	0.0139252198196627	0.158999617259656	0.200129006859866
fucci-wt-single-f11-r6-c3_S136_.trimmed.mdup.bam	0.0289728756928202	0.136965404416326	0.193407099590443
fucci-wt-single-f11-r6-c5_S138_.trimmed.mdup.bam	0.0153747291652177	0.153875522334736	0.202040837286833
fucci-wt-single-f11-r6-c7_S140_.trimmed.mdup.bam	0.0212384168705213	0.163909270913803	0.208134109921947
fucci-wt-single-f11-r7-c6_S146_.trimmed.mdup.bam	0.0244870754135733	0.130370110717275	0.191372611734968
fucci-wt-single-f12-r1-c1_S148_.trimmed.mdup.bam	0.0249671380785904	0.134427904567945	0.192220669538768
fucci-wt-single-f12-r1-c4_S151_.trimmed.mdup.bam	0.0376601192047279	0.119778206555425	0.186911654870757
fucci-wt-single-f12-r2-c1_S155_.trimmed.mdup.bam	0.019475693051177	0.148677209902238	0.210521601156672
fucci-wt-single-f12-r2-c3_S157_.trimmed.mdup.bam	0.0275102804495366	0.124984275015306	0.193514275232927
fucci-wt-single-f12-r2-c7_S161_.trimmed.mdup.bam	0.0226131251872841	0.136091521862607	0.192400730397367
fucci-wt-single-f12-r4-c4_S172_.trimmed.mdup.bam	0.0275174196837711	0.134053609318841	0.197893622752505
fucci-wt-single-f12-r6-c2_S184_.trimmed.mdup.bam	0.0121364440124023	0.170208230336951	0.202802730539244
fucci-wt-single-f12-r7-c1_S190_.trimmed.mdup.bam	0.0121698651355101	0.168500266558575	0.203115233971492
fucci-wt-single-f7-r1-c4_S4_.trimmed.mdup.bam	0.0307790747546021	0.128962227114922	0.19366461171618
fucci-wt-single-f7-r2-c4_S11_.trimmed.mdup.bam	0.023838846350572	0.144243728384571	0.201243624835123
fucci-wt-single-f7-r2-c6_S13_.trimmed.mdup.bam	0.0308737537972923	0.133229103898289	0.197307412321053
fucci-wt-single-f7-r3-c4_S18_.trimmed.mdup.bam	0.0111923350077919	0.172585620130692	0.214523112367753
fucci-wt-single-f7-r3-c5_S19_.trimmed.mdup.bam	0.0273133893840567	0.134199240089363	0.197239835132655
fucci-wt-single-f7-r3-c6_S20_.trimmed.mdup.bam	0.0257868677510652	0.133600671773516	0.193402691934311
fucci-wt-single-f7-r4-c5_S26_.trimmed.mdup.bam	0.0212174236750784	0.142351206366156	0.199147349136794
fucci-wt-single-f7-r5-c5_S33_.trimmed.mdup.bam	0.0136534804499824	0.171963177906744	0.181323353073138
fucci-wt-single-f7-r6-c1_S36_.trimmed.mdup.bam	0.0182096181176041	0.152836969326434	0.206070025793475
fucci-wt-single-f7-r6-c3_S38_.trimmed.mdup.bam	0.0263844509283904	0.135622408977619	0.193675358373857
fucci-wt-single-f7-r6-c7_S42_.trimmed.mdup.bam	0.0246480164454152	0.134701894998992	0.194683127421418
fucci-wt-single-f7-r7-c4_S46_.trimmed.mdup.bam	0.0261595485359909	0.136859361993701	0.200209129267356
fucci-wt-single-f8-r1-c6_S55_.trimmed.mdup.bam	0.019605525893063	0.157905483214954	0.213173849074329
fucci-wt-single-f8-r2-c4_S60_.trimmed.mdup.bam	0.0165717826505431	0.150955100781373	0.201275109698398
fucci-wt-single-f8-r2-c5_S61_.trimmed.mdup.bam	0.0153469872433635	0.158148812533331	0.210657857535748
fucci-wt-single-f8-r2-c6_S62_.trimmed.mdup.bam	0.0168658635362103	0.147157694366021	0.19611927127476
fucci-wt-single-f8-r3-c6_S69_.trimmed.mdup.bam	0.018911837639504	0.145009165044577	0.199990335020609
fucci-wt-single-f8-r4-c4_S74_.trimmed.mdup.bam	0.0243722214285656	0.136358835492534	0.193830164853566
fucci-wt-single-f8-r4-c5_S75_.trimmed.mdup.bam	0.0174693111307716	0.147777301119336	0.199739095401352
fucci-wt-single-f8-r5-c3_S80_.trimmed.mdup.bam	0.0231936208950071	0.143467375743359	0.203103569928713
fucci-wt-single-f8-r5-c4_S81_.trimmed.mdup.bam	0.0260378256932266	0.132907768637714	0.194487635787043
fucci-wt-single-f8-r7-c4_S95_.trimmed.mdup.bam	0.0113140860215186	0.170903444620097	0.208509091548333
recq5-2-single-c10-w45-3d6_S390_.trimmed.mdup.bam	0.0119271185431743	0.180244618723441	0.213004644500083
recq5-2-single-c11-w37_.trimmed.mdup.bam	0.0117212195696224	0.193150806912049	0.223961831901623
recq5-2-single-c11-w9_.trimmed.mdup.bam	0.00651791491666125	0.221247109023433	0.23436802273116
recq5-2-single-c12-w9_.trimmed.mdup.bam	0.00938512114375625	0.214449643069979	0.234444726125359
recq5-2-single-c6-w12-3d6_S161_.trimmed.mdup.bam	0.0072221912426185	0.209489317115393	0.229749210037101
recq5-2-single-c6-w6-3d6_S155_.trimmed.mdup.bam	0.00396907844946988	0.279275873655914	0.244487542476771
recq5-2-single-f10-r2-c3_S255_.trimmed.mdup.bam	0.0249307243573877	0.190759414961205	0.213373723779553
recq5-2-single-f10-r5-c3_S276_.trimmed.mdup.bam	0.0585735989192668	0.109417900416037	0.18232452219006
recq5-2-single-f10-r5-c4_S277_.trimmed.mdup.bam	0.0584662238390629	0.108917643521591	0.18344461893355
recq5-2-single-f10-r7-c2_S289_.trimmed.mdup.bam	0.00893703414005352	0.222982040804017	0.23851426437095
recq5-2-single-f10-r7-c6_S293_.trimmed.mdup.bam	0.0374389347317532	0.12591720605215	0.197543699789364
recq5-2-single-f11-r1-c7_S301_.trimmed.mdup.bam	0.0159621487774054	0.148482640063324	0.201646424060782
recq5-2-single-f11-r2-c1_S302_.trimmed.mdup.bam	0.00756182133640137	0.198517854837852	0.215008706721322
recq5-2-single-f11-r2-c3_S304_.trimmed.mdup.bam	0.00650132545786514	0.207126224231217	0.218913849240098
recq5-2-single-f11-r2-c4_S305_.trimmed.mdup.bam	0.0151540193891493	0.1503815838859	0.197989425529213
recq5-2-single-f11-r2-c5_S306_.trimmed.mdup.bam	0.0148359420244068	0.153249056589287	0.200044214261838
recq5-2-single-f11-r3-c2_S310_.trimmed.mdup.bam	0.0118167252843464	0.168279740662544	0.208455262367676
recq5-2-single-f11-r3-c6_S314_.trimmed.mdup.bam	0.0158556576825726	0.148721149648402	0.198889170373899
recq5-2-single-f11-r4-c3_S318_.trimmed.mdup.bam	0.0117060509635032	0.168242577740256	0.208843704823519
recq5-2-single-f11-r4-c5_S320_.trimmed.mdup.bam	0.0165530625603399	0.147393329016436	0.201228484260896
recq5-2-single-f11-r4-c7_S322_.trimmed.mdup.bam	0.0113333332649027	0.204513849738791	0.213647578464127
recq5-2-single-f11-r5-c2_S324_.trimmed.mdup.bam	0.00806887307858854	0.243431231417078	0.223973858846084
recq5-2-single-f11-r5-c3_S325_.trimmed.mdup.bam	0.0229400598911616	0.133348596846994	0.19151995785606
recq5-2-single-f11-r5-c5_S327_.trimmed.mdup.bam	0.0150221472286307	0.156172124659181	0.20176124868345
recq5-2-single-f11-r5-c6_S328_.trimmed.mdup.bam	0.00818069139954744	0.189109435131854	0.213787417374837
recq5-2-single-f11-r5-c7_S329_.trimmed.mdup.bam	0.0117078678286742	0.168584810186166	0.21326809343635
recq5-2-single-f11-r6-c3_S332_.trimmed.mdup.bam	0.0222675869627028	0.131117792524329	0.190991604613442
recq5-2-single-f11-r6-c7_S336_.trimmed.mdup.bam	0.01678729536976	0.147830808529239	0.202613758800756
recq5-2-single-f9-r3-c2_S212_.trimmed.mdup.bam	0.0411104238774259	0.114921944507222	0.184659162895987
recq5-2-single-f9-r4-c2_S219_.trimmed.mdup.bam	0.0325348588030777	0.124212247779705	0.160133993603192
recq5-2-single-f9-r7-c2_S240_.trimmed.mdup.bam	0.0552026903802696	0.106610317402132	0.182583284061708
wt-fucci-single-c15-w45-3d6_S611_.trimmed.mdup.bam	0.00467883807516076	0.233980936744653	0.225791098404129
zeid_BLM_UV300s_hoechst3_cluster14_well13_S454_.trimmed.mdup.bam	0.156131508006131	0.0866259972698869	0.178276051363574
zeid_BLM_UV300s_hoechst3_cluster14_well19_S460_.trimmed.mdup.bam	0.168466257258054	0.0837753959505086	0.177457856742461
zeid_BLM_UV300s_hoechst3_cluster14_well23_S464_.trimmed.mdup.bam	0.0509875605325668	0.131764968223882	0.20647329250742
zeid_BLM_UV300s_hoechst3_cluster14_well24_S465_.trimmed.mdup.bam	0.0682976085232179	0.099317310309424	0.187880143618959
zeid_BLM_UV300s_hoechst3_cluster14_well27_S468_.trimmed.mdup.bam	0.0636243944632102	0.111784688962698	0.252965184479545
zeid_BLM_UV300s_hoechst3_cluster14_well33_S474_.trimmed.mdup.bam	0.0636005869580375	0.108519671722671	0.217713556680665
zeid_BLM_UV300s_hoechst3_cluster14_well34_S475_.trimmed.mdup.bam	0.0357024314577445	0.111906052229301	0.185120422625434
zeid_BLM_UV300s_hoechst3_cluster14_well41_S482_.trimmed.mdup.bam	0.0298104414472032	0.117471400182609	0.193469151119304
zeid_RECQ5_UV300s_hoechst3_cluster15_well13_S503_.trimmed.mdup.bam	0.0279636423298131	0.121536621349845	0.195613266788569
zeid_RECQ5_UV300s_hoechst3_cluster15_well16_S506_.trimmed.mdup.bam	0.0110584909537788	0.166535913330945	0.204819739417637
zeid_RECQ5_UV300s_hoechst3_cluster15_well19_S509_.trimmed.mdup.bam	0.0304152328357816	0.121079453283792	0.190716599089688
zeid_RECQ5_UV300s_hoechst3_cluster15_well20_S510_.trimmed.mdup.bam	0.0207163054008682	0.138708494086396	0.209712477234832
zeid_RECQ5_UV300s_hoechst3_cluster15_well23_S513_.trimmed.mdup.bam	0.00843038316478299	0.178198193933225	0.205540034718446
zeid_RECQ5_UV300s_hoechst3_cluster15_well24_S514_.trimmed.mdup.bam	0.0183181639161898	0.135791888281112	0.189761083562026
zeid_RECQ5_UV300s_hoechst3_cluster15_well25_S515_.trimmed.mdup.bam	0.029770388276098	0.121635961812049	0.199325419570028
zeid_RECQ5_UV300s_hoechst3_cluster15_well26_S516_.trimmed.mdup.bam	0.0169136150147129	0.140523181304184	0.191605987193387
zeid_RECQ5_UV300s_hoechst3_cluster15_well27_S517_.trimmed.mdup.bam	0.0125614661640097	0.153869839842152	0.206466421716034
zeid_RECQ5_UV300s_hoechst3_cluster15_well30_S520_.trimmed.mdup.bam	0.0105791105626421	0.160815558164852	0.197742178350869
zeid_RECQ5_UV300s_hoechst3_cluster15_well31_S521_.trimmed.mdup.bam	0.0214910077844519	0.133047754109466	0.222765273566652
zeid_RECQ5_UV300s_hoechst3_cluster15_well32_S522_.trimmed.mdup.bam	0.032907723589096	0.116493466238152	0.201997209982911
zeid_RECQ5_UV300s_hoechst3_cluster15_well37_S527_.trimmed.mdup.bam	0.0178058430744014	0.143340847861584	0.19722251619714
zeid_RECQ5_UV300s_hoechst3_cluster15_well38_S528_.trimmed.mdup.bam	0.0235248786382601	0.125081573980987	0.188213990747863
zeid_WT_UV300s_hoechst3_cluster13_well10_S402_.trimmed.mdup.bam	0.0512642313050319	0.109173504761838	0.185383530087965
zeid_WT_UV300s_hoechst3_cluster13_well18_S410_.trimmed.mdup.bam	0.026941262430465	0.13104098421526	0.196658131020364
zeid_WT_UV300s_hoechst3_cluster13_well24_S416_.trimmed.mdup.bam	0.00587108089200154	0.212807266631314	0.217771660432069
zeid_WT_UV300s_hoechst3_cluster13_well27_S419_.trimmed.mdup.bam	0.0175220346484284	0.148604583804389	0.19395864193311
zeid_WT_UV300s_hoechst3_cluster13_well34_S426_.trimmed.mdup.bam	0.00676907658242474	0.190686174743523	0.210667416464443
zeid_WT_UV300s_hoechst3_cluster13_well37_S429_.trimmed.mdup.bam	0.0200899342917261	0.136271636693302	0.192662764500125
