Library	Quality	Median_insert_size	Adapters_at_least_50bp	Alignment_rate	Initial_reads_aligned	Postfiltering_reads_aligned	Mean_read_length	Duplication_rate	Coverage_depth	Background	Reads_per_Mb	Percent_WC	Mean_GC	Coverage_after_1Gb_sequencing
f1216-c38-mesc-a1h5-hkt-f13-r2-c2_S1165_	G	141	2.03323E-05	0.9722	363332	363332	74.084873	0.045699	0.0095138173	0.027933527	66	0.5	0.416089	0.116427
f1216-c38-mesc-a1h5-hkt-f13-r2-c3_S1166_	G	122	0.00203392	0.8979	619228	619228	71.826523	0.03537	0.0158903122	0.0382919044	116	0.4459459459	0.42231	0.173166
f1216-c38-mesc-a1h5-hkt-f13-r2-c4_S1167_	G	115	0.0120758	0.9482	193962	193962	71.17605	0.0202	0.0050098441	0.0842406877	35	0.5434782609	0.418227	0.121771
f1216-c38-mesc-a1h5-hkt-f13-r2-c5_S1168_	G	135	0.00026753	0.9688	731920	731920	72.774402	0.038419	0.0189698706	0.0302295896	137	0.472972973	0.418185	0.186169
f1216-c38-mesc-a1h5-hkt-f13-r2-c6_S1169_	G	132	0.000818452	0.9757	604958	604958	73.029134	0.044221	0.0156392202	0.0303121248	112	0.5	0.414584	0.15557
f1216-c38-mesc-a1h5-hkt-f13-r3-c2_S1170_	G	128	0.00159592	0.9735	524582	524582	72.336493	0.038915	0.0135073101	0.0450687437	101	0.4810126582	0.416952	0.153522
f1216-c38-mesc-a1h5-hkt-f13-r3-c3_S1171_	G	134	0.00210368	0.9775	454042	454042	73.223294	0.042793	0.0117865687	0.0647702991	84	0.484375	0.414896	0.136238
f1216-c38-mesc-a1h5-hkt-f13-r3-c4_S1172_	G	130	0.00189725	0.977	486874	486874	73.050438	0.042972	0.0126066672	0.137041308	87	0.5316455696	0.417308	0.14147
f1216-c38-mesc-a1h5-hkt-f13-r3-c5_S1173_	G	134	0.00121349	0.9782	573942	573942	73.210006	0.045224	0.0148585414	0.0780724916	104	0.5	0.415498	0.151993
f1216-c38-mesc-a1h5-hkt-f13-r3-c6_S1174_	G	124	0.00789901	0.9495	557948	557948	72.208061	0.039054	0.0143388601	0.0523631935	103	0.4675324675	0.419687	0.156935
f1216-c38-mesc-a1h5-hkt-f13-r4-c2_S1175_	G	132	0.000943093	0.9753	686994	686994	72.720115	0.044813	0.0176738897	0.1895490001	119	0.4722222222	0.421326	0.165471
f1216-c38-mesc-a1h5-hkt-f13-r4-c3_S1176_	G	134	0.00195673	0.9782	556940	556940	72.88707	0.041954	0.0144039465	0.0471320118	103	0.4935064935	0.414063	0.154073
f1216-c38-mesc-a1h5-hkt-f13-r4-c4_S1177_	G	136	0.000112637	0.9722	602090	602090	73.44123	0.048986	0.0155748726	0.1457176663	108	0.5131578947	0.419575	0.148971
f1216-c38-mesc-a1h5-hkt-f13-r4-c5_S1178_	G	129	0.00232859	0.9801	444524	444524	72.918018	0.045401	0.0114600703	0.0495273089	82	0.462962963	0.414575	0.129265
f1216-c38-mesc-a1h5-hkt-f13-r4-c6_S1179_	G	128	0.0155276	0.9654	548832	548832	72.674159	0.039947	0.0141824377	0.0396437981	102	0.5	0.417134	0.153014
f1216-c38-mesc-a1h5-hkt-f13-r5-c2_S1180_	G	134	0.0005129	0.9733	526344	526344	73.322548	0.044439	0.0136584645	0.0328607296	95	0.5	0.413588	0.142406
f1216-c38-mesc-a1h5-hkt-f13-r5-c3_S1181_	G	132	9.51011E-05	0.9738	567702	567702	73.144962	0.046232	0.0146684365	0.0413975228	105	0.5	0.412875	0.14566
f1216-c38-mesc-a1h5-hkt-f13-r5-c4_S1182_	G	129	0.00202024	0.9465	493686	493686	72.95501	0.042156	0.012777237	0.0344308372	92	0.46875	0.415625	0.142463
f1216-c38-mesc-a1h5-hkt-f13-r5-c5_S1183_	G	134	0.00185348	0.9763	512736	512736	73.462862	0.044678	0.0133274687	0.029053635	95	0.525	0.412997	0.143493
f1216-c38-mesc-a1h5-hkt-f13-r5-c6_S1184_	G	131	0.000585434	0.9776	468204	468204	73.084508	0.042281	0.0121376549	0.036116766	85	0.4807692308	0.413428	0.141068
f1216-c38-mesc-a1h5-hkt-f13-r6-c2_S1185_	G	117	0.00186482	0.9569	391440	391440	70.953699	0.029787	0.0099802994	0.0475325172	73	0.4920634921	0.417599	0.147349
f1216-c38-mesc-a1h5-hkt-f13-r6-c3_S1186_	G	105	0.0523475	0.9234	226248	226248	69.391968	0.019554	0.0057010371	0.0827911151	42	0.5	0.427847	0.132825
f1216-c38-mesc-a1h5-hkt-f13-r6-c4_S1187_	G	114	0.00254245	0.959	298920	298920	70.478774	0.026161	0.0075986548	0.0503688031	56	0.4705882353	0.418204	0.134818
f1216-c38-mesc-a1h5-hkt-f13-r6-c5_S1188_	G	114	0.000252693	0.9579	367702	367702	70.722841	0.027267	0.0093688347	0.0811106926	69	0.5303030303	0.416821	0.148073
f1216-c38-mesc-a1h5-hkt-f14-r2-c2_S1190_	G	138	6.00415E-05	0.9375	306872	306872	74.05763	0.039613	0.0080836887	0.0314963163	56	0.4565217391	0.417625	0.11367
f1216-c38-mesc-a1h5-hkt-f14-r2-c3_S1191_	P	124	0.0015238	0.9192	711100	711100	72.358778	0.041094	0.0182740233	0.1521729578	124	0.4861111111	0.426561	0.172351
f1216-c38-mesc-a1h5-hkt-f14-r2-c4_S1192_	G	109	0.0258972	0.9085	160010	160010	70.912993	0.016524	0.0041330717	0.1705214178	29	0.4838709677	0.422858	0.120615
f1216-c38-mesc-a1h5-hkt-f14-r2-c5_S1193_	G	113	0.00151764	0.8286	75040	75040	70.638633	0.013033	0.001937644	0.0533379215	14	0.3461538462	0.42565	0.0833781
f1216-c38-mesc-a1h5-hkt-f14-r2-c6_S1194_	G	127	0.00525552	0.9159	569066	569066	72.828827	0.037486	0.0147743793	0.0278746945	109	0.48	0.421019	0.160498
f1216-c38-mesc-a1h5-hkt-f14-r3-c2_S1195_	G	125	0.00468723	0.9538	585940	585940	72.487442	0.039564	0.0151084735	0.045633852	109	0.4880952381	0.415288	0.158878
f1216-c38-mesc-a1h5-hkt-f14-r3-c3_S1196_	G	131	0.00534441	0.9661	418992	418992	73.486422	0.04285	0.010915134	0.0226996078	78	0.5581395349	0.413273	0.127427
f1216-c38-mesc-a1h5-hkt-f14-r3-c4_S1197_	G	123	0.00734586	0.9581	353532	353532	72.901242	0.037055	0.0091918171	0.0333924122	66	0.4626865672	0.414898	0.123719
f1216-c38-mesc-a1h5-hkt-f14-r3-c5_S1198_	G	141	0.000615435	0.9831	520192	520192	73.993983	0.050716	0.0135329498	0.0869736221	93	0.4915254237	0.416754	0.137418
f1216-c38-mesc-a1h5-hkt-f14-r3-c6_S1199_	G	123	0.00984206	0.9418	503880	503880	72.667514	0.039978	0.0130192164	0.0261191175	93	0.4769230769	0.414447	0.144372
f1216-c38-mesc-a1h5-hkt-f14-r4-c2_S1200_	G	127	0.00319813	0.9537	557204	557204	72.828747	0.040147	0.0144264019	0.027796949	103	0.5301204819	0.413417	0.155942
f1216-c38-mesc-a1h5-hkt-f14-r4-c3_S1201_	G	123	0.0131458	0.9331	705522	705522	72.136626	0.038411	0.0181255882	0.0700488219	128	0.5	0.421986	0.178704
f1216-c38-mesc-a1h5-hkt-f14-r4-c4_S1202_	G	106	0.00236892	0.8034	89598	89598	69.880299	0.012924	0.0022889689	0.158853706	16	0.4814814815	0.428359	0.0970537
f1216-c38-mesc-a1h5-hkt-f14-r4-c5_S1203_	G	128	0.00248327	0.981	449490	449490	73.205408	0.044406	0.0116458945	0.0593360019	82	0.4769230769	0.41355	0.131651
f1216-c38-mesc-a1h5-hkt-f14-r4-c6_S1204_	G	128	0.011627	0.9712	537946	537946	73.126537	0.042904	0.0139445796	0.0283643047	95	0.5238095238	0.412442	0.14734
f1216-c38-mesc-a1h5-hkt-f14-r5-c2_S1205_	G	135	0.000387111	0.977	548728	548728	73.587413	0.04837	0.0142319699	0.1223034473	99	0.5	0.416107	0.138362
f1216-c38-mesc-a1h5-hkt-f14-r5-c3_S1206_	G	126	0.000352512	0.9501	545044	545044	72.918583	0.041248	0.0141127713	0.0349800146	101	0.5	0.413357	0.153182
f1216-c38-mesc-a1h5-hkt-f14-r5-c4_S1207_	G	131	0.000333995	0.9783	562758	562758	73.116613	0.046155	0.01453623	0.0727863755	102	0.5147058824	0.414778	0.146228
f1216-c38-mesc-a1h5-hkt-f14-r5-c5_S1208_	G	NA	0.138551	0.2297	NA	NA	NA	NA	NA	NA	NA	NA	NA	NA
f1216-c38-mesc-a1h5-hkt-f14-r5-c6_S1209_	G	127	0.00133088	0.9658	485988	485988	73.170134	0.043618	0.0125958368	0.1110226821	87	0.5	0.420459	0.138052
f1216-c38-mesc-a1h5-hkt-f14-r6-c2_S1210_	G	122	0.00133764	0.9639	398550	398550	71.585063	0.032493	0.0102234053	0.0896161718	73	0.5	0.419254	0.142738
f1216-c38-mesc-a1h5-hkt-f14-r6-c3_S1211_	G	115	0.0146739	0.969	330536	330536	70.715501	0.02332	0.0084551617	0.0593970864	60	0.4769230769	0.420163	0.154346
f1216-c38-mesc-a1h5-hkt-f14-r6-c4_S1212_	G	113	0.00200285	0.9645	313716	313716	70.350046	0.024468	0.0079740474	0.1105064454	58	0.4642857143	0.418984	0.144889
f1216-c38-mesc-a1h5-hkt-f14-r6-c5_S1213_	G	109	0.000944409	0.9031	332414	332414	70.229199	0.022911	0.0084482621	0.053690179	63	0.4925373134	0.419698	0.153409
f1216-c38-mesc-a1h5-hkt-r57-c39_S723_	G	117	0.00639444	0.9245	203184	203184	70.946433	0.017816	0.0052438367	0.0375211585	39	0.4782608696	0.423024	0.134405
f1216-c38-mesc-a1h5-hkt-r57-c40_S724_	G	117	0.000536176	0.9405	255202	255202	71.105128	0.018848	0.0065941303	0.0275482094	47	0.5	0.43299	0.151261
f1216-c38-mesc-a1h5-hkt-r57-c41_S725_	G	115	0.00442367	0.8476	178998	178998	70.764774	0.018693	0.0046036939	0.1136658187	32	0.4523809524	0.426939	NA
f1216-c38-mesc-a1h5-hkt-r57-c42_S726_	G	111	0.00937218	0.9116	231374	231374	70.294804	0.0204	0.0059009616	0.0511896179	43	0.5517241379	0.423913	0.137239
f1216-c38-mesc-a1h5-hkt-r57-c43_S727_	G	126	0.0024883	0.9455	518096	518096	72.113784	0.033534	0.0133736927	0.0232553823	92	0.5090909091	0.420666	0.16525
f1216-c38-mesc-a1h5-hkt-r57-c44_S728_	G	129	0.0148844	0.9693	466178	466178	72.532526	0.031709	0.0121262553	0.036297346	87	0.5294117647	0.420676	0.161587
f1216-c38-mesc-a1h5-hkt-r57-c45_S729_	G	127	0.0101322	0.9587	490528	490528	72.292159	0.030306	0.0127357915	0.089043625	90	0.5094339623	0.424727	0.170405
f1216-c38-mesc-a1h5-hkt-r57-c46_S730_	G	129	0.000320203	0.9579	479102	479102	72.714912	0.03095	0.0125035659	0.0392561983	93	0.4512195122	0.426169	0.165966
f1216-c38-mesc-a1h5-hkt-r57-c47_S731_	G	128	0.000937195	0.9566	357388	357388	72.477794	0.028692	0.009318331	0.027759242	65	0.4925373134	0.426371	0.146106
f1216-c38-mesc-a1h5-hkt-r57-c48_S732_	G	125	0.00130789	0.9603	515930	515930	72.039498	0.03114	0.0133370175	0.0427664749	96	0.5172413793	0.422	0.170869
f1216-c38-mesc-a1h5-hkt-r57-c49_S733_	G	127	5.59104E-05	0.9623	449754	449754	72.294766	0.031088	0.0116681623	0.0249236581	83	0.4918032787	0.422067	0.159788
f1216-c38-mesc-a1h5-hkt-r57-c50_S734_	P	132	0.00228036	0.9566	546026	546026	72.750549	0.035573	0.0141891113	0.2161805812	93	0.5625	0.430175	0.166652
f1216-c38-mesc-a1h5-hkt-r57-c51_S735_	P	128	0.0081457	0.9712	505078	505078	72.469654	0.031516	0.013129353	0.1013708882	91	0.5	0.426395	0.170218
f1216-c38-mesc-a1h5-hkt-r57-c52_S736_	G	131	0.00125691	0.9687	486342	486342	72.627943	0.031574	0.012669171	0.0315498815	90	0.5180722892	0.424598	0.167718
f1216-c38-mesc-a1h5-hkt-r57-c53_S737_	G	127	0.00254496	0.9639	555462	555462	72.293692	0.033212	0.0143787868	0.0663834156	101	0.4929577465	0.423651	0.176308
f1216-c38-mesc-a1h5-hkt-r57-c54_S738_	G	128	0.00376277	0.9729	366322	366322	73.03293	0.031535	0.0095962575	0.0263048017	68	0.5166666667	0.425573	0.143041
f1216-c38-mesc-a1h5-hkt-r58-c39_S759_	G	110	0.00850198	0.9024	183336	183336	70.188992	0.017203	0.0046839992	0.0325320391	34	0.5365853659	0.422681	0.129865
f1216-c38-mesc-a1h5-hkt-r58-c40_S760_	G	118	0.000676515	0.9303	211502	211502	71.390096	0.019414	0.0054837086	0.0708853057	39	0.54	0.432832	0.134608
f1216-c38-mesc-a1h5-hkt-r58-c41_S761_	G	111	0.00435146	0.8543	142076	142076	70.608864	0.017695	0.0036497451	0.0399944064	27	0.5161290323	0.425134	0.106421
f1216-c38-mesc-a1h5-hkt-r58-c42_S762_	G	109	0.0126584	0.8774	191334	191334	69.95453	0.018502	0.0048655691	0.0440501473	36	0.4807692308	0.42338	0.128272
f1216-c38-mesc-a1h5-hkt-r58-c43_S763_	G	122	0.00412206	0.9176	457646	457646	71.664564	0.028987	0.0117949313	0.1163990026	83	0.5	0.422599	0.166431
f1216-c38-mesc-a1h5-hkt-r58-c44_S764_	G	124	0.0231135	0.9593	439208	439208	71.876537	0.027846	0.0113665506	0.0240422148	81	0.4594594595	0.422631	0.163209
f1216-c38-mesc-a1h5-hkt-r58-c45_S765_	G	126	0.0120007	0.9524	414510	414510	71.880295	0.02535	0.0107554797	0.0232535576	78	0.5416666667	0.423009	0.170358
f1216-c38-mesc-a1h5-hkt-r58-c46_S766_	G	125	0.0004238	0.9482	422270	422270	72.169773	0.026187	0.0109915103	0.0245599177	82	0.4615384615	0.422976	0.16878
f1216-c38-mesc-a1h5-hkt-r58-c47_S767_	P	126	0.00187188	0.9297	349804	349804	72.132786	0.025734	0.0091048178	0.2242681775	61	0.5471698113	0.432644	0.152344
f1216-c38-mesc-a1h5-hkt-r58-c48_S768_	G	NA	0.0298913	0.5003	NA	NA	NA	NA	NA	NA	NA	NA	NA	NA
f1216-c38-mesc-a1h5-hkt-r58-c49_S769_	G	122	4.37121E-05	0.9611	303616	303616	72.161105	0.029419	0.0078758212	0.0296047834	57	0.488372093	0.42884	0.130676
f1216-c38-mesc-a1h5-hkt-r58-c50_S770_	G	128	0.00413636	0.9308	387490	387490	72.420816	0.026137	0.0101218061	0.0282285594	73	0.475	0.422249	0.161831
f1216-c38-mesc-a1h5-hkt-r58-c51_S771_	G	122	0.0135699	0.9614	458488	458488	71.672031	0.027774	0.0118326264	0.0954407687	83	0.5	0.425657	0.168634
f1216-c38-mesc-a1h5-hkt-r58-c52_S772_	G	130	0.00115625	0.9694	355868	355868	73.016987	0.030612	0.0093292498	0.0697312588	66	0.4915254237	0.428531	0.146453
f1216-c38-mesc-a1h5-hkt-r58-c53_S773_	G	125	0.00379189	0.9528	491202	491202	71.921953	0.029462	0.012699025	0.0359228738	90	0.4383561644	0.422107	0.167373
f1216-c38-mesc-a1h5-hkt-r58-c54_S774_	G	127	0.00496416	0.9663	347802	347802	72.6824	0.028332	0.0090973619	0.0225972742	64	0.5	0.425846	0.146887
f1216-c38-mesc-a1h5-hkt-r59-c39_S795_	G	111	0.00834507	0.9053	184786	184786	70.184906	0.017739	0.0047181954	0.1362850685	35	0.4545454545	0.424801	NA
f1216-c38-mesc-a1h5-hkt-r59-c40_S796_	G	112	0.000889097	0.912	244584	244584	70.397585	0.019061	0.006255529	0.049383172	46	0.4833333333	0.426772	NA
f1216-c38-mesc-a1h5-hkt-r59-c41_S797_	G	105	0.00571986	0.8166	134018	134018	69.768613	0.016729	0.0034051221	0.1313695615	25	0.5675675676	0.425504	0.10632
f1216-c38-mesc-a1h5-hkt-r59-c42_S798_	G	108	0.0145241	0.8677	176206	176206	70.005068	0.018603	0.0044836441	0.0548508973	33	0.4473684211	0.423827	0.118007
f1216-c38-mesc-a1h5-hkt-r59-c43_S799_	G	122	0.0053032	0.8941	393132	393132	71.811371	0.030992	0.0101320007	0.0296875623	75	0.4848484848	0.41961	0.147463
f1216-c38-mesc-a1h5-hkt-r59-c44_S800_	G	123	0.0318951	0.9488	446038	446038	71.709729	0.027957	0.0115152045	0.0548357806	83	0.4927536232	0.422378	0.166155
f1216-c38-mesc-a1h5-hkt-r59-c45_S801_	G	121	0.0214029	0.9264	398576	398576	71.691198	0.026223	0.0103055869	0.0272010417	74	0.5111111111	0.42216	0.160868
f1216-c38-mesc-a1h5-hkt-r59-c46_S802_	P	125	0.000504232	0.9409	505942	505942	72.154832	0.030205	0.0131124042	0.1251793796	91	0.5135135135	0.426478	0.172506
f1216-c38-mesc-a1h5-hkt-r59-c47_S803_	P	123	0.00216044	0.9187	369322	369322	71.937201	0.028929	0.0095553354	0.0930369325	67	0.5079365079	0.42958	0.146088
f1216-c38-mesc-a1h5-hkt-r59-c48_S804_	G	122	0.00146506	0.9556	457360	457360	71.702151	0.029469	0.0117878883	0.033980173	85	0.4923076923	0.421769	0.164669
f1216-c38-mesc-a1h5-hkt-r59-c49_S805_	G	123	8.49637E-05	0.9534	395628	395628	71.602938	0.027652	0.010201777	0.0441028634	75	0.5324675325	0.425211	0.156601
f1216-c38-mesc-a1h5-hkt-r59-c50_S806_	G	128	0.00312889	0.9486	340014	340014	72.963437	0.030269	0.008910244	0.0406742557	63	0.4912280702	0.428122	0.139463
f1216-c38-mesc-a1h5-hkt-r59-c51_S807_	G	125	0.0167801	0.9584	477850	477850	71.951171	0.02998	0.0123522588	0.0245698311	88	0.4761904762	0.42254	0.16599
f1216-c38-mesc-a1h5-hkt-r59-c52_S808_	G	127	0.00130771	0.968	317642	317642	72.968874	0.029329	0.0083326638	0.0223739609	59	0.5076923077	0.429488	0.137921
f1216-c38-mesc-a1h5-hkt-r59-c53_S809_	G	127	0.00209269	0.9685	450448	450448	72.701473	0.032568	0.0117339588	0.02012803	83	0.4545454545	0.423318	0.157459
f1216-c38-mesc-a1h5-hkt-r59-c54_S810_	G	126	0.00770011	0.9567	519696	519696	71.982267	0.029275	0.0134495373	0.0290919128	96	0.5	0.42161	0.176554
f1216-wt-mesc-a1h5-hkt-f11-r2-c2_S1115_	G	140	0.000125806	0.9286	313088	313088	74.086183	0.040992	0.0082387649	0.0132495913	58	0.5588235294	0.416694	0.111232
f1216-wt-mesc-a1h5-hkt-f11-r2-c3_S1116_	G	132	0.00143304	0.9281	532054	532054	72.997893	0.039673	0.0138140624	0.0252179638	96	0.4516129032	0.418386	0.151815
f1216-wt-mesc-a1h5-hkt-f11-r2-c4_S1117_	P	117	0.0121076	0.9535	202282	202282	71.33786	0.020625	0.0052343477	0.1621675072	36	0.4857142857	0.423578	NA
f1216-wt-mesc-a1h5-hkt-f11-r2-c5_S1118_	P	135	0.00017697	0.9722	583210	583210	73.239761	0.045181	0.0151052935	0.1527340003	102	0.5263157895	0.420084	0.153749
f1216-wt-mesc-a1h5-hkt-f11-r2-c6_S1119_	P	136	0.00138208	0.9689	628970	628970	73.156987	0.045061	0.0162741235	0.0830246807	112	0.462962963	0.418067	0.159448
f1216-wt-mesc-a1h5-hkt-f11-r3-c2_S1120_	G	133	0.00717976	0.9424	527724	527724	73.141104	0.039104	0.0137366546	0.0183770716	96	0.5454545455	0.417627	0.155943
f1216-wt-mesc-a1h5-hkt-f11-r3-c3_S1121_	P	139	0.00899329	0.9571	545274	545274	73.679429	0.046956	0.0141811101	0.3335597826	91	0.6	0.424141	0.144089
f1216-wt-mesc-a1h5-hkt-f11-r3-c4_S1122_	G	130	0.0101749	0.9519	376094	376094	73.2611	0.038432	0.0098126448	0.0252052149	69	0.4444444444	0.416721	0.129604
f1216-wt-mesc-a1h5-hkt-f11-r3-c5_S1123_	P	134	0.00684144	0.9466	603640	603640	73.259572	0.043546	0.0156654441	0.0790518844	108	0.5	0.421486	0.157714
f1216-wt-mesc-a1h5-hkt-f11-r3-c6_S1124_	P	125	0.0202583	0.9101	379816	379816	72.882967	0.039661	0.0098460061	0.0992997666	69	0.5675675676	0.41984	0.124117
f1216-wt-mesc-a1h5-hkt-f11-r4-c2_S1125_	G	133	0.00681688	0.9267	475350	475350	73.154469	0.038515	0.0123832063	0.0270491617	89	0.3529411765	0.41568	0.148335
f1216-wt-mesc-a1h5-hkt-f11-r4-c3_S1126_	G	136	0.00232791	0.9764	582776	582776	73.141315	0.044837	0.0150791947	0.0313018691	105	0.4705882353	0.416778	0.151387
f1216-wt-mesc-a1h5-hkt-f11-r4-c4_S1127_	G	134	0.000230518	0.9668	565844	565844	73.232053	0.044528	0.014663989	0.0199087381	102	0.5806451613	0.414898	0.153648
f1216-wt-mesc-a1h5-hkt-f11-r4-c5_S1128_	G	133	0.00785361	0.9711	465562	465562	73.429606	0.044922	0.0120927145	0.0259194396	86	0.6153846154	0.414635	0.134889
f1216-wt-mesc-a1h5-hkt-f11-r4-c6_S1129_	G	132	0.0173253	0.9649	557200	557200	73.28052	0.041228	0.01449944	0.0206776136	103	0.5	0.414295	0.155633
f1216-wt-mesc-a1h5-hkt-f11-r5-c2_S1130_	G	137	0.00159524	0.9596	530812	530812	73.649528	0.04411	0.013840598	0.024847379	95	0.5555555556	0.416162	0.146928
f1216-wt-mesc-a1h5-hkt-f11-r5-c3_S1131_	G	133	0.000560174	0.9413	567528	567528	73.272351	0.043515	0.0147313253	0.0225607064	105	0.5526315789	0.416577	0.151312
f1216-wt-mesc-a1h5-hkt-f11-r5-c4_S1132_	G	135	0.000632701	0.9757	469204	469204	73.587751	0.045213	0.0122098399	0.0213093502	85	0.6206896552	0.414779	0.137572
f1216-wt-mesc-a1h5-hkt-f11-r5-c5_S1133_	G	132	0.0101065	0.9448	530002	530002	73.300176	0.041321	0.0137940557	0.0171397693	97	0.5	0.417302	0.151074
f1216-wt-mesc-a1h5-hkt-f11-r5-c6_S1134_	G	133	0.00216132	0.9577	485362	485362	73.447476	0.042331	0.0126442861	0.0230983614	90	0.4848484848	0.415874	0.139558
f1216-wt-mesc-a1h5-hkt-f11-r6-c2_S1135_	G	115	0.0095543	0.8572	272694	272694	70.628899	0.022362	0.0069738456	0.0658674832	51	0.4827586207	0.428185	0.138288
f1216-wt-mesc-a1h5-hkt-f11-r6-c3_S1136_	G	114	0.0225796	0.9613	240032	240032	70.8453	0.024572	0.0061434403	0.0584663637	45	0.6666666667	0.421023	0.123002
f1216-wt-mesc-a1h5-hkt-f11-r6-c4_S1137_	G	117	0.00372144	0.9488	257458	257458	70.974536	0.023647	0.0066077264	0.0435352956	48	0.56	0.418502	0.134448
f1216-wt-mesc-a1h5-hkt-f11-r6-c5_S1138_	P	126	0.000253099	0.9667	350798	350798	71.78645	0.027953	0.0090661539	0.1495167356	63	0.511627907	0.423121	0.149112
f1216-wt-mesc-a1h5-hkt-f12-r2-c2_S1140_	G	141	7.38284E-05	0.9546	360226	360226	73.982478	0.043412	0.0094420239	0.0419257695	65	0.5161290323	0.418428	0.119427
f1216-wt-mesc-a1h5-hkt-f12-r2-c3_S1141_	G	130	0.00108635	0.9389	537196	537196	72.864737	0.039784	0.0139205164	0.0226483233	98	0.5294117647	0.416576	0.15405
f1216-wt-mesc-a1h5-hkt-f12-r2-c4_S1142_	G	111	0.0122189	0.9471	207396	207396	70.431802	0.020068	0.0053015316	0.0682815876	38	0.4411764706	0.421609	0.125799
f1216-wt-mesc-a1h5-hkt-f12-r2-c5_S1143_	G	129	0.000214389	0.9693	546246	546246	72.727619	0.037675	0.0141594259	0.0309670626	101	0.4571428571	0.414213	0.160599
f1216-wt-mesc-a1h5-hkt-f12-r2-c6_S1144_	G	128	0.00242837	0.9529	625006	625006	72.549076	0.040038	0.0161215335	0.0377649842	116	0.4516129032	0.41681	0.165853
f1216-wt-mesc-a1h5-hkt-f12-r3-c2_S1145_	G	126	0.004651	0.955	563194	563194	72.52964	0.037955	0.0145547639	0.0284976097	105	0.4848484848	0.417391	0.161809
f1216-wt-mesc-a1h5-hkt-f12-r3-c3_S1146_	G	131	0.00742845	0.959	439484	439484	73.227892	0.04012	0.0114412317	0.0212275478	81	0.5	0.415782	0.137554
f1216-wt-mesc-a1h5-hkt-f12-r3-c4_S1147_	G	128	0.00725296	0.9585	377390	377390	73.11274	0.036604	0.0098451995	0.0248457656	70	0.3870967742	0.416764	0.139508
f1216-wt-mesc-a1h5-hkt-f12-r3-c5_S1148_	G	131	0.0046756	0.9566	576348	576348	73.081111	0.041343	0.0149551032	0.0356142087	106	0.4146341463	0.416373	0.158198
f1216-wt-mesc-a1h5-hkt-f12-r3-c6_S1149_	G	126	0.00704205	0.9567	547960	547960	72.267306	0.039543	0.0140865579	0.0461052539	100	0.4871794872	0.418169	0.152221
f1216-wt-mesc-a1h5-hkt-f12-r4-c2_S1150_	G	126	0.00101709	0.9754	645918	645918	72.291504	0.042866	0.0165528823	0.0486046735	120	0.4871794872	0.4166	0.164994
f1216-wt-mesc-a1h5-hkt-f12-r4-c3_S1151_	G	133	0.00708411	0.9574	588134	588134	72.954884	0.041106	0.0152383342	0.0344728204	108	0.5945945946	0.41674	0.152475
f1216-wt-mesc-a1h5-hkt-f12-r4-c4_S1152_	G	129	0.0005565	0.9443	567584	567584	72.788215	0.040604	0.0146799762	0.0359921592	103	0.4166666667	0.417954	0.156832
f1216-wt-mesc-a1h5-hkt-f12-r4-c5_S1153_	G	129	0.00531159	0.9761	488116	488116	73.043805	0.043236	0.0126341926	0.0412789265	89	0.5	0.414945	0.140738
f1216-wt-mesc-a1h5-hkt-f12-r4-c6_S1154_	G	129	0.0124368	0.9702	610362	610362	72.768472	0.040861	0.0157778757	0.0321736767	111	0.5348837209	0.415313	0.163411
f1216-wt-mesc-a1h5-hkt-f12-r5-c2_S1155_	G	133	0.00130565	0.9629	521416	521416	73.261189	0.042434	0.0135476282	0.0295206158	97	0.5142857143	0.415973	0.147625
f1216-wt-mesc-a1h5-hkt-f12-r5-c3_S1156_	G	131	0.000174525	0.9688	596448	596448	72.859579	0.043283	0.0153985196	0.0443042344	110	0.4571428571	0.415729	NA
f1216-wt-mesc-a1h5-hkt-f12-r5-c4_S1157_	G	130	0.00069829	0.9742	590732	590732	72.855369	0.044677	0.0152278479	0.027222003	106	0.5	0.415119	0.149933
f1216-wt-mesc-a1h5-hkt-f12-r5-c5_S1158_	G	129	0.00320495	0.9697	582758	582758	73.066832	0.042017	0.0151078464	0.0294706842	108	0.4857142857	0.413694	0.157123
f1216-wt-mesc-a1h5-hkt-f12-r5-c6_S1159_	G	130	0.000668425	0.9747	499616	499616	73.133849	0.043726	0.0129411643	0.0333473786	90	0.5757575758	0.414043	0.140005
f1216-wt-mesc-a1h5-hkt-f12-r6-c2_S1160_	G	115	0.00271687	0.9429	389622	389622	70.558821	0.026328	0.009913881	0.0436312578	72	0.6296296296	0.419893	0.156855
f1216-wt-mesc-a1h5-hkt-f12-r6-c3_S1161_	G	111	0.0192864	0.9638	272828	272828	70.401638	0.02216	0.0069562589	0.0501507262	50	0.4814814815	0.422249	0.142859
f1216-wt-mesc-a1h5-hkt-f12-r6-c4_S1162_	G	109	0.0086492	0.8981	245648	245648	69.987295	0.020305	0.0062382039	0.0705930221	46	0.5	0.423971	NA
f1216-wt-mesc-a1h5-hkt-f12-r6-c5_S1163_	P	109	0.00109904	0.8933	313336	313336	70.047987	0.021964	0.0079505474	0.0723036582	57	0.5333333333	0.423914	0.152458
f1216-wt-mesc-a1h5-hkt-r54-c55_S631_	P	123	0.00848613	0.918	455762	455762	71.766097	0.031411	0.0117336521	0.200245431	79	0.5384615385	0.427584	0.157863
f1216-wt-mesc-a1h5-hkt-r54-c56_S632_	G	125	0.0213205	0.9588	395978	395978	72.114991	0.028653	0.0102732357	0.0258573626	73	0.6666666667	0.420235	NA
f1216-wt-mesc-a1h5-hkt-r54-c57_S633_	G	131	0.00588148	0.9716	283448	283448	73.330547	0.031258	0.0074576618	0.0176152712	53	0.5333333333	0.423693	0.119558
f1216-wt-mesc-a1h5-hkt-r54-c58_S634_	P	126	0.00614755	0.941	468244	468244	72.150306	0.031074	0.0121237576	0.1205398697	84	0.45	0.426346	0.165477
f1216-wt-mesc-a1h5-hkt-r54-c59_S635_	G	NA	0.00121813	0.3838	NA	NA	NA	NA	NA	NA	NA	NA	NA	NA
f1216-wt-mesc-a1h5-hkt-r54-c60_S636_	G	127	0.0004973	0.937	462262	462262	72.29421	0.029395	0.0120135254	0.0241558049	84	0.5333333333	0.42114	0.16476
f1216-wt-mesc-a1h5-hkt-r54-c61_S637_	G	124	0.00768961	0.922	316856	316856	72.209546	0.029906	0.0082206584	0.0488968525	58	0.488372093	0.420068	0.133167
f1216-wt-mesc-a1h5-hkt-r54-c62_S638_	P	126	0.00822168	0.9466	511748	511748	72.372924	0.032477	0.0132717993	0.0998262946	93	0.5348837209	0.423645	0.168231
f1216-wt-mesc-a1h5-hkt-r54-c63_S639_	G	124	0.00958864	0.9788	405720	405720	71.864927	0.031219	0.0104617721	0.042789978	75	0.4117647059	0.420625	0.149557
f1216-wt-mesc-a1h5-hkt-r54-c64_S640_	P	125	0.000675074	0.9334	528568	528568	72.052667	0.032738	0.0136436726	0.1856969031	90	0.5614035088	0.42731	0.166371
f1216-wt-mesc-a1h5-hkt-r54-c65_S641_	G	130	6.38117E-05	0.9636	442192	442192	72.500776	0.030589	0.0115105935	0.0231424128	84	0.5384615385	0.419891	0.158755
f1216-wt-mesc-a1h5-hkt-r54-c66_S642_	G	125	0.000168421	0.959	455776	455776	71.977636	0.032542	0.011754858	0.030403114	84	0.5	0.419228	0.156379
f1216-wt-mesc-a1h5-hkt-r54-c67_S643_	G	125	0.00381291	0.9595	412372	412372	72.136908	0.033479	0.0106486419	0.0563457407	76	0.4545454545	0.419627	0.145555
f1216-wt-mesc-a1h5-hkt-r54-c68_S644_	G	126	0.0121891	0.9754	401394	401394	72.433863	0.033852	0.0104038102	0.0286035976	75	0.5666666667	0.416425	0.145124
f1216-wt-mesc-a1h5-hkt-r54-c69_S645_	G	127	0.00133939	0.9703	432024	432024	72.437839	0.030637	0.0112355939	0.0301551885	78	0.4054054054	0.418254	0.158482
f1216-wt-mesc-a1h5-hkt-r54-c70_S646_	G	128	0.00241487	0.9804	283034	283034	73.082555	0.035939	0.0073857241	0.023948868	52	0.5	0.419714	0.113219
f1216-wt-mesc-a1h5-hkt-r55-c55_S667_	G	126	0.00575211	0.9379	418048	418048	72.275755	0.030791	0.0108460715	0.027648789	80	0.4642857143	0.418937	0.156138
f1216-wt-mesc-a1h5-hkt-r55-c56_S668_	G	125	0.0166161	0.9639	460560	460560	72.190757	0.031054	0.0119317356	0.0292368952	88	0.5714285714	0.419681	0.161553
f1216-wt-mesc-a1h5-hkt-r55-c57_S669_	G	131	0.00605154	0.9689	475072	475072	72.655757	0.032774	0.012364987	0.0458872427	89	0.4761904762	0.421689	0.163004
f1216-wt-mesc-a1h5-hkt-r55-c58_S670_	G	131	0.00357337	0.958	537382	537382	72.571845	0.031903	0.0139831942	0.0661412572	99	0.5384615385	0.421606	0.174105
f1216-wt-mesc-a1h5-hkt-r55-c59_S671_	G	132	8.46074E-05	0.9571	550698	550698	72.665828	0.031865	0.0143488099	0.0225853952	104	0.4285714286	0.420489	0.177645
f1216-wt-mesc-a1h5-hkt-r55-c60_S672_	G	129	0.000400042	0.9461	502800	502800	72.448727	0.032506	0.0130530062	0.0257722537	94	0.4193548387	0.42105	0.165485
f1216-wt-mesc-a1h5-hkt-r55-c61_S673_	P	130	0.00324239	0.9581	579254	579254	72.087103	0.032148	0.0149682767	0.1567183264	99	0.5909090909	0.42636	0.178686
f1216-wt-mesc-a1h5-hkt-r55-c62_S674_	G	135	0.0016964	0.9757	593286	593286	72.884695	0.034149	0.0154684505	0.0279299014	110	0.4594594595	0.421402	0.178032
f1216-wt-mesc-a1h5-hkt-r55-c63_S675_	G	127	0.0101435	0.978	466108	466108	72.303084	0.03464	0.0120494969	0.0340131183	87	0.4411764706	0.417987	0.153737
f1216-wt-mesc-a1h5-hkt-r55-c64_S676_	G	126	0.000492848	0.9395	557498	557498	72.126675	0.033281	0.014397123	0.0277852427	103	0.5454545455	0.419073	0.173401
f1216-wt-mesc-a1h5-hkt-r55-c65_S677_	P	131	6.54064E-05	0.9658	577304	577304	72.573985	0.034983	0.014974652	0.1345152219	103	0.5111111111	0.42482	0.169046
f1216-wt-mesc-a1h5-hkt-r55-c66_S678_	G	126	0.000134293	0.9552	549050	549050	72.148238	0.03144	0.0142102065	0.034613915	102	0.3	0.419031	0.169921
f1216-wt-mesc-a1h5-hkt-r55-c67_S679_	G	125	0.00353651	0.9574	544942	544942	71.908853	0.033141	0.0140324022	0.0315445719	100	0.5625	0.417416	0.169702
f1216-wt-mesc-a1h5-hkt-r55-c68_S680_	P	133	0.00708918	0.9788	515500	515500	72.940632	0.038254	0.0133935226	0.0784852391	95	0.4444444444	0.418129	0.157654
f1216-wt-mesc-a1h5-hkt-r55-c69_S681_	G	125	0.00140087	0.968	515088	515088	72.246973	0.033404	0.0133223953	0.0300357124	97	0.6	0.417318	0.164731
f1216-wt-mesc-a1h5-hkt-r55-c70_S682_	G	128	0.00325172	0.9772	428500	428500	72.597715	0.037517	0.0110892732	0.0315066502	79	0.625	0.421019	0.141581
f1216-wt-mesc-a1h5-hkt-r56-c55_S703_	G	134	0.00517853	0.9441	475196	475196	72.706584	0.03218	0.0123844677	0.0826387022	87	0.5405405405	0.42174	0.164587
f1216-wt-mesc-a1h5-hkt-r56-c56_S704_	G	125	0.0225	0.9582	473436	473436	72.115344	0.031869	0.0122421958	0.032700327	89	0.625	0.419486	0.159246
f1216-wt-mesc-a1h5-hkt-r56-c57_S705_	G	132	0.00619433	0.9679	378020	378020	73.32293	0.034104	0.0099156501	0.0269756349	70	0.4074074074	0.425607	0.140634
f1216-wt-mesc-a1h5-hkt-r56-c58_S706_	G	130	0.00425904	0.9559	473170	473170	72.834632	0.034301	0.0123263118	0.0302144516	88	0.5666666667	0.423805	0.157891
f1216-wt-mesc-a1h5-hkt-r56-c59_S707_	G	129	6.18187E-05	0.9564	431080	431080	72.896244	0.033432	0.01124946	0.0605200654	78	0.5142857143	0.42748	0.152464
f1216-wt-mesc-a1h5-hkt-r56-c60_S708_	G	126	0.000649684	0.9213	505464	505464	72.123997	0.03042	0.0130915148	0.0284353648	95	0.53125	0.420435	0.169748
f1216-wt-mesc-a1h5-hkt-r56-c61_S709_	G	123	0.00532345	0.943	509908	509908	71.676516	0.031292	0.0131128724	0.0333518266	96	0.4482758621	0.420963	0.167916
f1216-wt-mesc-a1h5-hkt-r56-c62_S710_	G	127	0.00728812	0.9507	545096	545096	72.15622	0.031844	0.0141035469	0.0440508534	100	0.4594594595	0.424198	0.171761
f1216-wt-mesc-a1h5-hkt-r56-c63_S711_	G	126	0.0155483	0.9755	476298	476298	71.866772	0.030435	0.0122919295	0.0449134863	89	0.5405405405	0.423834	0.167176
f1216-wt-mesc-a1h5-hkt-r56-c64_S712_	P	125	0.000683967	0.928	613896	613896	72.026358	0.03511	0.0158015722	0.195672499	107	0.5365853659	0.426116	0.173927
f1216-wt-mesc-a1h5-hkt-r56-c65_S713_	G	129	6.93932E-05	0.9512	541266	541266	72.368723	0.032051	0.0140426919	0.0310736235	101	0.5172413793	0.422503	0.172266
f1216-wt-mesc-a1h5-hkt-r56-c66_S714_	G	126	0.000159217	0.9438	566954	566954	72.057132	0.031847	0.0146489004	0.0371634949	105	0.4375	0.420424	0.17551
f1216-wt-mesc-a1h5-hkt-r56-c67_S715_	G	124	0.00446795	0.9516	565516	565516	71.633296	0.034146	0.0144913068	0.0405814211	101	0.4615384615	0.42062	0.169637
f1216-wt-mesc-a1h5-hkt-r56-c68_S716_	P	134	0.00531529	0.9815	385202	385202	73.616178	0.040083	0.0100816524	0.1142388631	67	0.5098039216	0.423899	0.130335
f1216-wt-mesc-a1h5-hkt-r56-c69_S717_	G	127	0.00183125	0.9634	583568	583568	72.307241	0.034245	0.0150930309	0.0594082563	106	0.3947368421	0.420616	0.175332
f1216-wt-mesc-a1h5-hkt-r56-c70_S718_	G	128	0.00357805	0.9758	568120	568120	72.408792	0.037397	0.0146661063	0.0326034381	104	0.46875	0.418331	0.162943
